7
0 0 0
1 0.015 1
2 0.065 1
3 0.19 1
4 0.44 1
5 0.49 1
6 0.5 2

6
0 1 0.25
1 2 0.045
2 3 0.85
3 4 1.3
4 5 0.045
5 6 0.01

-5.09 6.25 10 278

115
0 0 0
1 0.005 1
2 0.01 1
3 0.015 1
4 0.02 1
5 0.025 1
6 0.03 1
7 0.035 1
8 0.04 1
9 0.045 1
10 0.05 1
11 0.055 1
12 0.06 1
13 0.065 1
14 0.07 1
15 0.075 1
16 0.08 1
17 0.085 1
18 0.09 1
19 0.095 1
20 0.1 1
21 0.105 1
22 0.11 1
23 0.115 1
24 0.12 1
25 0.125 1
26 0.13 1
27 0.135 1
28 0.14 1
29 0.145 1
30 0.15 1
31 0.155 1
32 0.16 1
33 0.165 1
34 0.17 1
35 0.175 1
36 0.18 1
37 0.185 1
38 0.19 1
39 0.195 1
40 0.2 1
41 0.205 1
42 0.21 1
43 0.215 1
44 0.22 1
45 0.225 1
46 0.23 1
47 0.235 1
48 0.24 1
49 0.245 1
50 0.25 1
51 0.255 1
52 0.26 1
53 0.265 1
54 0.27 1
55 0.275 1
56 0.28 1
57 0.285 1
58 0.29 1
59 0.295 1
60 0.3 1
61 0.305 1
62 0.31 1
63 0.315 1
64 0.32 1
65 0.325 1
66 0.33 1
67 0.335 1
68 0.34 1
69 0.345 1
70 0.35 1
71 0.355 1
72 0.36 1
73 0.365 1
74 0.37 1
75 0.375 1
76 0.38 1
77 0.385 1
78 0.39 1
79 0.395 1
80 0.4 1
81 0.405 1
82 0.41 1
83 0.415 1
84 0.42 1
85 0.425 1
86 0.43 1
87 0.435 1
88 0.44 1
89 0.445 1
90 0.45 1
91 0.455 1
92 0.46 1
93 0.465 1
94 0.47 1
95 0.475 1
96 0.48 1
97 0.485 1
98 0.49 1
99 0.495 1
100 0.5 1
101 0.505 1
102 0.51 1
103 0.515 1
104 0.52 1
105 0.525 1
106 0.53 1
107 0.535 1
108 0.54 1
109 0.545 1
110 0.55 1
111 0.555 1
112 0.56 1
113 0.565 1
114 0.57 2

114
0 1 0.25
1 2 0.25
2 3 0.25
3 4 0.045
4 5 0.045
5 6 0.045
6 7 0.045
7 8 0.045
8 9 0.045
9 10 0.045
10 11 0.045
11 12 0.045
12 13 0.045
13 14 0.045
14 15 0.045
15 16 0.045
16 17 0.045
17 18 0.045
18 19 0.045
19 20 0.045
20 21 0.045
21 22 0.045
22 23 0.045
23 24 0.045
24 25 0.045
25 26 0.045
26 27 0.045
27 28 0.85
28 29 0.85
29 30 0.85
30 31 0.85
31 32 0.85
32 33 0.85
33 34 0.85
34 35 0.85
35 36 0.85
36 37 0.85
37 38 0.85
38 39 0.85
39 40 0.85
40 41 0.85
41 42 0.85
42 43 0.85
43 44 0.85
44 45 0.85
45 46 0.85
46 47 0.85
47 48 0.85
48 49 0.85
49 50 0.85
50 51 0.85
51 52 0.85
52 53 1.3
53 54 1.3
54 55 1.3
55 56 1.3
56 57 1.3
57 58 1.3
58 59 1.3
59 60 1.3
60 61 1.3
61 62 1.3
62 63 1.3
63 64 1.3
64 65 1.3
65 66 1.3
66 67 1.3
67 68 1.3
68 69 1.3
69 70 1.3
70 71 1.3
71 72 1.3
72 73 1.3
73 74 1.3
74 75 1.3
75 76 1.3
76 77 1.3
77 78 1.3
78 79 1.3
79 80 1.3
80 81 1.3
81 82 1.3
82 83 1.3
83 84 1.3
84 85 1.3
85 86 1.3
86 87 1.3
87 88 1.3
88 89 1.3
89 90 1.3
90 91 1.3
91 92 1.3
92 93 1.3
93 94 1.3
94 95 1.3
95 96 1.3
96 97 1.3
97 98 1.3
98 99 1.3
99 100 1.3
100 101 1.3
101 102 1.3
102 103 0.045
103 104 0.045
104 105 0.045
105 106 0.045
106 107 0.045
107 108 0.045
108 109 0.045
109 110 0.045
110 111 0.045
111 112 0.045
112 113 0.85
113 114 0.85

-5.09 6.25 10 278



101
0 0 0
1 0.005 1
2 0.01 1
3 0.015 1
4 0.02 1
5 0.025 1
6 0.03 1
7 0.035 1
8 0.04 1
9 0.045 1
10 0.05 1
11 0.055 1
12 0.06 1
13 0.065 1
14 0.07 1
15 0.075 1
16 0.08 1
17 0.085 1
18 0.09 1
19 0.095 1
20 0.1 1
21 0.105 1
22 0.11 1
23 0.115 1
24 0.12 1
25 0.125 1
26 0.13 1
27 0.135 1
28 0.14 1
29 0.145 1
30 0.15 1
31 0.155 1
32 0.16 1
33 0.165 1
34 0.17 1
35 0.175 1
36 0.18 1
37 0.185 1
38 0.19 1
39 0.195 1
40 0.2 1
41 0.205 1
42 0.21 1
43 0.215 1
44 0.22 1
45 0.225 1
46 0.23 1
47 0.235 1
48 0.24 1
49 0.245 1
50 0.25 1
51 0.255 1
52 0.26 1
53 0.265 1
54 0.27 1
55 0.275 1
56 0.28 1
57 0.285 1
58 0.29 1
59 0.295 1
60 0.3 1
61 0.305 1
62 0.31 1
63 0.315 1
64 0.32 1
65 0.325 1
66 0.33 1
67 0.335 1
68 0.34 1
69 0.345 1
70 0.35 1
71 0.355 1
72 0.36 1
73 0.365 1
74 0.37 1
75 0.375 1
76 0.38 1
77 0.385 1
78 0.39 1
79 0.395 1
80 0.4 1
81 0.405 1
82 0.41 1
83 0.415 1
84 0.42 1
85 0.425 1
86 0.43 1
87 0.435 1
88 0.44 1
89 0.445 1
90 0.45 1
91 0.455 1
92 0.46 1
93 0.465 1
94 0.47 1
95 0.475 1
96 0.48 1
97 0.485 1
98 0.49 1
99 0.495 1
100 0.5 2



100
0 1 0.25
1 2 0.25
2 3 0.25
3 4 0.045
4 5 0.045
5 6 0.045
6 7 0.045
7 8 0.045
8 9 0.045
9 10 0.045
10 11 0.045
11 12 0.045
12 13 0.045
13 14 0.85
14 15 0.85
15 16 0.85
16 17 0.85
17 18 0.85
18 19 0.85
19 20 0.85
20 21 0.85
21 22 0.85
22 23 0.85
23 24 0.85
24 25 0.85
25 26 0.85
26 27 0.85
27 28 0.85
28 29 0.85
29 30 0.85
30 31 0.85
31 32 0.85
32 33 0.85
33 34 0.85
34 35 0.85
35 36 0.85
36 37 0.85
37 38 0.85
38 39 1.3
39 40 1.3
40 41 1.3
41 42 1.3
42 43 1.3
43 44 1.3
44 45 1.3
45 46 1.3
46 47 1.3
47 48 1.3
48 49 1.3
49 50 1.3
50 51 1.3
51 52 1.3
52 53 1.3
53 54 1.3
54 55 1.3
55 56 1.3
56 57 1.3
57 58 1.3
58 59 1.3
59 60 1.3
60 61 1.3
61 62 1.3
62 63 1.3
63 64 1.3
64 65 1.3
65 66 1.3
66 67 1.3
67 68 1.3
68 69 1.3
69 70 1.3
70 71 1.3
71 72 1.3
72 73 1.3
73 74 1.3
74 75 1.3
75 76 1.3
76 77 1.3
77 78 1.3
78 79 1.3
79 80 1.3
80 81 1.3
81 82 1.3
82 83 1.3
83 84 1.3
84 85 1.3
85 86 1.3
86 87 1.3
87 88 1.3
88 89 0.045
89 90 0.045
90 91 0.045
91 92 0.045
92 93 0.045
93 94 0.045
94 95 0.045
95 96 0.045
96 97 0.045
97 98 0.045
98 99 0.85
99 100 0.85

-5.09 6.25 10 278

3
0 0.0 0
1 5.0 1
2 10.0 2
2
0 1 45.0
1 2 45.0

-200 3 15 420
5
0 0.0 0
1 1.25 1
2 2.5 1
3 3.75 1
4 5.0 2

4
0 1 50.0
1 2 50.0
2 3 50.0
3 4 50.0

-150 2 10 400


3
0 0.0 0
1 2.5 1
2 5.0 2

2
0 1 50.0
1 2 50.0

-150 2 10 400

3
0 2.5 1
1 5.0 2
2 0.0 0

2
2 0 50.0
0 1 50.0


-150 2 10 400






// Oryginalny przyk³ad na 3 wêz³ach, wy¿ej ten sam na 5 wêz³ach
/* INPUT SCHEME:
iloœæ wêz³ów
ID wêz³a, x wêz³a, typ wêz³a (warunek brzegowy 0 - wjeœcie, 1 poœredni, 2 wyjœcie czyli konwekcja) x iloœæ wêz³ów

iloœæ elementów
1 ID wêz³a, 2 ID wêz³a, wspó³czynnik k przewodzenia ciep³a elementu x iloœæ elementów (UWAGA w 1D iloœæ elementów jest œciœle zwi¹zana z iloœci¹ wêz³ów - elementy = wêz³y-1, nie ma walidacji mo¿e wyjebaæ szambo elo xD)

na koñcu warunek brzegowy:
strumieñ ciep³a Q; przekrój prêta S, wspó³czynnik konwekcji alfa; temperatura otoczenia t;
*/

